4
0 0 0 0 0 0 0 0 0 0 0 1 1 1 0 
0 0 0 0 0 0 0 0 0 0 0 1 2 0 0 
0 0 0 0 0 0 0 0 0 0 0 1 0 0 0 
0 0 0 0 1 1 1 1 0 0 0 1 0 0 0 
0 0 0 0 1 2 2 1 0 0 0 1 0 0 0 
0 0 0 0 1 2 0 1 0 2 0 1 0 0 0 
0 0 0 0 1 0 0 1 0 0 0 1 0 0 0 
0 0 0 0 1 2 0 1 2 0 0 1 0 0 0 
0 0 0 0 1 2 0 1 2 0 0 1 0 0 0 
0 0 0 2 1 0 0 1 2 0 0 1 0 0 0 
0 0 1 1 1 0 0 1 0 2 0 1 0 0 0 
0 0 1 2 0 0 0 1 2 0 2 1 0 0 0 
0 0 1 0 0 0 0 1 1 1 1 1 0 0 0 
0 0 1 0 0 0 0 0 0 0 0 0 0 0 0 
0 0 1 0 0 0 0 0 0 0 0 0 0 0 0 
2 14
13 0

10

100

8

12 1
11
35
1
1.500000
100

5 4
12
35
1
1.500000
100

6 4
12
35
1
1.500000
100

5 5
23
50
2
2.000000
150

9 5
22
50
2
2.000000
150

5 7
21
50
2
2.000000
150

8 7
33
75
4
2.500000
200

5 8
23
50
2
2.000000
150

8 8
33
75
4
2.500000
200

3 9
12
35
1
1.500000
100

8 9
33
75
4
2.500000
200

9 10
22
50
2
2.000000
150

3 11
13
35
1
1.500000
100

8 11
12
35
1
1.500000
100

10 11
12
35
1
1.500000
100

